      S1      S2      S3
   1       1       1 
   2631    2631    2631
   842684218426842184268421 S1 S2 S3

 0 000000000000000000000000 00 00 00
 1 000000000000000000000000 00 00 00
 2 000000000000000000000000 00 00 00
 3 000000000000000000000000 00 00 00
 4 000000000000000000000000 00 00 00
 5 000000000000000000000000 00 00 00
 6 000000000000000000000000 00 00 00
 7 000000000000000000000000 00 00 00
 8 000000000000000000000000 00 00 00
 9 000000000000000000000000 00 00 00
10 000000000000000000000000 00 00 00
11 000000000000000000000000 00 00 00
12 000000000000000000000000 00 00 00
13 000000000000000000000000 00 00 00
14 000000000000000000000000 00 00 00
15 000000000000000000000000 00 00 00
16 000000000000000000000000 00 00 00
17 000000000000000000000000 00 00 00
18 000000000000000000000000 00 00 00
19 000000000000000000000000 00 00 00
20 000000000000000000000000 00 00 00
21 000000000000000000000000 00 00 00


